-198392433
457239039
-198392433
457239040
-198392433
457239041
-198392433
457239042
-198392433
457239043
-198392433
457239044
-198392433
457239045
-198392433
457239046
-198392433
457239047
-198392433
457239048
-198392433
457239049
-198392433
457239050
-198392433
457239051
-198392433
457239052
-198392433
457239053
-198392433
457239054
-198392433
457239055
-198392433
457239056
-198392433
457239057
-198392433
457239058
-198392433
457239059
-198392433
457239060
-198392433
457239061
-198392433
457239062
-198392433
457239063
-198392433
457239064
-198392433
457239065
-198392433
457239066
-198392433
457239067
-198392433
457239068
-198392433
457239069
-198392433
457239070
-198392433
457239071
-198392433
457239072
-198392433
457239073
-198392433
457239074
-198392433
457239075
-198392433
457239076
-198392433
457239077
-198392433
457239078
-198392433
457239079
-198392433
457239080
-198392433
457239081
-198392433
457239082
-198392433
457239083
-198392433
457239084
-198392433
457239085
-198392433
457239086
-198392433
457239087
-198392433
457239088
-198392433
457239089
-198392433
457239090
-198392433
457239091
-198392433
457239092
-198392433
457239093
-198392433
457239094
-198392433
457239095
-198392433
457239096
-198392433
457239097
-198392433
457239098
-198392433
457239099
-198392433
457239100
-198392433
457239101
-198392433
457239102
-198392433
457239103
-198392433
457239104
-198392433
457239105
-198392433
457239106
-198392433
457239107
-198392433
457239108
-198392433
457239109
-198392433
457239110
-198392433
457239111
-198392433
457239112
-198392433
457239113
-198392433
457239114
-198392433
457239115
-198392433
457239116
-198392433
457239117
-198392433
457239118
-198392433
457239119
-198392433
457239120
-198392433
457239121
-198392433
457239122
-198392433
457239123
-198392433
457239124
-198392433
457239125
-198392433
457239126
-198392433
457239127
-198392433
457239128
-198392433
457239129
-198392433
457239130
-198392433
457239131
-198392433
457239132
-198392433
457239133
-198392433
457239134
-198392433
457239135
-198392433
457239136
-198392433
457239137
-198392433
457239138
-198392433
457239139
-198392433
457239140
-198392433
457239141
-198392433
457239142
-198392433
457239143
-198392433
457239144
-198392433
457239145
-198392433
457239146
-198392433
457239147
-198392433
457239148
-198392433
457239149
-198392433
457239150
-198392433
457239151
-198392433
457239152
-198392433
457239153
-198392433
457239154
-198392433
457239155
-198392433
457239156
-198392433
457239157
-198392433
457239158
-198392433
457239159
-198392433
457239160
-198392433
457239161
-198392433
457239162
-198392433
457239163
-198392433
457239164
-198392433
457239165
-198392433
457239166
-198392433
457239167
-198392433
457239168
-198392433
457239169
-198392433
457239170
-198392433
457239171
-198392433
457239172
-198392433
457239173
-198392433
457239174
-198392433
457239175
-198392433
457239176
-198392433
457239177
-198392433
457239178
-198392433
457239179
-198392433
457239180
-198392433
457239181
-198392433
457239182
-198392433
457239183
-198392433
457239184
-198392433
457239185
-198392433
457239186
-198392433
457239187
-198392433
457239188
-198392433
457239189
-198392433
457239190
-198392433
457239191
-198392433
457239192
-198392433
457239193
-198392433
457239194
-198392433
457239195
-198392433
457239196
-198392433
457239197